77700
234352
26723
18918
28782
63
71580
109513
1245
54693
1564846
527393
72129
1622390
9273
12835
1223786
1951
37014
17288
73457
500
2524
5049
6193
3223
31
52849
4730
129104
287
85
151246
63764
30614
213001
85977
8293
2888
8784
517
976
7499
21911
122616
3063
72855
17647
19961
1019
3972
71189
17604
53280
25703
3967
11150
31838
17286
1341
3
2461
8167
55638
1181313
380
72466
16828
7132
3895
10912
1468940
5530
7055
6885
10859
53714
10297
10980
22970
37917
37625
109
220620
1327
19211
60898
41686
9827
140114
84497
17051
7060
83002
192
5916
74568
3489
208782
130640
19292
1600654
7242
116
10431
5292
1003
70851
84223
156962
17838
58754
880
190895
62
17419
6968
1813
51072
10990
5723
131
55936
8691
11701
819
3896
13240
1158
127733
2282
15298
51988
17832
37089
9642
114
14
41163
192944
521
3293
524
20189
2440
18999
37632
83141
44735
12111
4960
59216
569
16644
4173
48
525
1100
4491
2231
2227
3894
77996
1246972
5064
452205
69597
5081
7523
78423
41091
15111
17303
56734
85144
117296
54697
53862
2178
56731
78110
3061
1362313
5469
2975
204
8688
16940
1331
1206732
1284159
1336
44434
9625
3392
587020
52851
121529
134
140
